Episode #,Training Iter,In Heatup,ER #Transitions,ER #Episodes,Episode Length,Total steps,Epsilon,Shaped Training Reward,Training Reward,Update Target Network,Evaluation Reward,Shaped Evaluation Reward,Success Rate,Loss/Mean,Loss/Stdev,Loss/Max,Loss/Min,Learning Rate/Mean,Learning Rate/Stdev,Learning Rate/Max,Learning Rate/Min,Grads (unclipped)/Mean,Grads (unclipped)/Stdev,Grads (unclipped)/Max,Grads (unclipped)/Min,Q/Mean,Q/Stdev,Q/Max,Q/Min
1,0.0,1.0,189.0,189.0,189.0,189.0,0.0,,,0.0,,,,,,,,,,,,,,,,,,,
2,0.0,1.0,313.0,313.0,124.0,313.0,0.0,,,0.0,,,,,,,,,,,,,,,,,,,
3,0.0,1.0,497.0,497.0,184.0,497.0,0.0,,,0.0,,,,,,,,,,,,,,,,,,,
4,0.0,1.0,674.0,674.0,177.0,674.0,0.0,,,0.0,,,,,,,,,,,,,,,,,,,
5,0.0,1.0,810.0,810.0,136.0,810.0,0.0,,,0.0,,,,,,,,,,,,,,,,,,,
6,0.0,1.0,1160.0,1160.0,350.0,1160.0,0.0,,,0.0,,,,,,,,,,,,,,,,,,,
7,64.0,0.0,1414.0,1414.0,254.0,1414.0,0.0,7.0,65.0,0.0,,,,0.007479795680978896,0.010925462135547787,0.04807615652680397,0.00010380912863183768,0.00025,0.0,0.00025,0.00025,0.0064354334,0.005518599,0.021216696,0.0014809328,,,,
8,134.0,0.0,1697.0,1697.0,283.0,1697.0,0.0,6.0,105.0,0.0,,,,0.0076253740215698985,0.01128739780768316,0.04668719694018364,9.42420301726088e-05,0.00025,0.0,0.00025,0.00025,0.0055369482999999995,0.0057398119999999995,0.030508852000000003,0.0012053561,,,,
9,186.0,0.0,1903.0,1903.0,206.0,1903.0,0.0,3.0,55.0,0.0,,,,0.008299516238296816,0.012616363623179229,0.059508759528398514,0.0001736848498694599,0.00025,0.0,0.00025,0.00025,0.0062128995,0.00640406,0.03903032,0.0018951629,,,,
10,330.0,0.0,2479.0,2479.0,576.0,2479.0,0.0,8.0,125.0,0.0,,,,0.008906602018315526,0.01136391828891138,0.06091783195734024,0.00024883690639398987,0.00025,0.0,0.00025,0.00025,0.0064650797,0.0040348507,0.023291158,0.002330784,,,,
11,397.0,0.0,2748.0,2748.0,269.0,2748.0,0.011208970099687576,5.0,65.0,0.0,,,,0.007886492294943962,0.010846795480079956,0.045774448662996285,0.00019639209494926035,0.00025,0.0,0.00025,0.00025,0.0058692875,0.0043336534999999995,0.019944744,0.0020217535,0.021656642,0.007083260500000001,0.036434226,0.014264261
12,412.0,0.0,2809.0,2809.0,61.0,2809.0,0.011208970099687576,0.0,0.0,0.0,,,,0.00520268022082746,0.007071076647698868,0.015593530610203743,0.0001843381178332493,0.0002500000000000001,1.0842021724855042e-19,0.00025,0.00025,0.0046164696,0.0034703445,0.0101996055,0.0019362357000000001,,,,
13,533.0,0.0,3292.0,3292.0,483.0,3292.0,0.011208970099687576,8.0,90.0,0.0,,,,0.00905727439156872,0.011689870196446652,0.060456860810518265,0.00017564241716172546,0.0002500000000000001,1.0842021724855042e-19,0.00025,0.00025,0.0064475769999999995,0.0050768293,0.022939341000000002,0.0017612732000000001,,,,
14,588.0,0.0,3512.0,3512.0,220.0,3512.0,0.009497182443737984,3.0,60.0,0.0,,,,0.008152292591561987,0.011690340737204728,0.04520028829574585,0.00019750045612454412,0.0002500000000000001,5.421010862427521e-20,0.00025,0.00025,0.005939644,0.004599673,0.021815449,0.0022116015,0.024455404,0.0070019057,0.03612717,0.014414113000000001
15,649.0,0.0,3755.0,3755.0,243.0,3755.0,0.009497182443737984,3.0,75.0,0.0,,,,0.005932164474602285,0.009477967857835754,0.045318379998207085,0.00023527012672275302,0.00025,0.0,0.00025,0.00025,0.0050252746,0.0037287374,0.016203893,0.0021289182,,,,
16,756.0,0.0,4182.0,4182.0,427.0,4182.0,0.009497182443737984,5.0,75.0,0.0,,,,0.006556298910008056,0.008916597402044403,0.030320947989821437,0.00021973797993268815,0.0002500000000000001,1.0842021724855042e-19,0.00025,0.00025,0.0053790673,0.0038586640000000004,0.019050473000000002,0.002064182,,,,
17,787.0,0.0,4308.0,4308.0,126.0,4308.0,0.009497182443737984,1.0,30.0,0.0,,,,0.006027067207352018,0.00827042664020434,0.03085669875144958,0.00020391754515003413,0.0002500000000000001,5.421010862427521e-20,0.00025,0.00025,0.005094785,0.0035496464,0.013831831999999999,0.0020672004,,,,
18,831.0,0.0,4484.0,4484.0,176.0,4484.0,0.008743519894778728,2.0,15.0,0.0,,,,0.009814642044974871,0.011210281968298756,0.031222224235534668,0.00017756612214725465,0.00025,0.0,0.00025,0.00025,0.006447537299999999,0.004543139,0.014181237,0.0017670535999999998,0.016700909,0.0037499901,0.02332261,0.012892271
19,910.0,0.0,4798.0,4798.0,314.0,4798.0,0.008743519894778728,4.0,50.0,0.0,,,,0.007267301083031062,0.010965998331738436,0.046598874032497406,0.0001803589984774589,0.0002500000000000001,5.421010862427521e-20,0.00025,0.00025,0.0054487674,0.0046702013,0.022171443,0.0018445070999999998,,,,
20,937.0,0.0,4908.0,4908.0,110.0,4908.0,0.008743519894778728,3.0,30.0,0.0,,,,0.006866820983338618,0.008456209700203866,0.030365405604243282,0.00021962607570458204,0.00025,0.0,0.00025,0.00025,0.0054696480000000006,0.0036731632,0.013838738,0.0022246377,,,,
21,960.0,0.0,4998.0,4998.0,90.0,4998.0,0.008743519894778728,0.0,0.0,0.0,,,,0.0094049212329201,0.012390799439401348,0.04563747718930245,0.00020125476294197145,0.0002500000000000001,5.421010862427521e-20,0.00025,0.00025,0.0065050037,0.0051924186,0.02114576,0.0019179804999999999,,,,
22,1032.0,0.0,5288.0,5288.0,290.0,5288.0,0.009391535073518751,3.0,20.0,0.0,,,,0.007767707128853847,0.010049396126789564,0.045297395437955856,0.00016283264267258346,0.00025,0.0,0.00025,0.00025,0.005803425,0.004782904,0.021282367000000003,0.0015900948999999999,0.020594884,0.005281085600000001,0.028163461,0.0105514405
23,1066.0,0.0,5423.0,5423.0,135.0,5423.0,0.009653802029788494,1.0,10.0,0.0,,,,0.009071503158980598,0.010273524742020436,0.03036479651927948,0.0002572000666987151,0.00025,0.0,0.00025,0.00025,0.0065922886,0.004648804,0.02018739,0.0022629325,0.021881541,0.004439025,0.026918726,0.011365868999999999
24,1116.0,0.0,5622.0,5622.0,199.0,5622.0,0.008996840566396713,1.0,15.0,0.0,,,,0.010690604542614892,0.012068338490505091,0.060469813644886024,0.00019165057165082544,0.00025,0.0,0.00025,0.00025,0.0069929482,0.004601795,0.023141587,0.0018355985,0.020171428,0.0036637182,0.025825942,0.015298349
25,1211.0,0.0,6003.0,6003.0,381.0,6003.0,0.008996840566396713,4.0,30.0,0.0,,,,0.006664740604250447,0.009324317146246269,0.04531194642186165,0.00018283666577190158,0.0002500000000000001,5.421010862427521e-20,0.00025,0.00025,0.005556758,0.0041399687,0.019696988000000002,0.0021765382999999997,,,,
